nohup: ignoring input
begin
[418, 15134.728970702243, 69033456.55804749]
0
begin
[519, 3012.7318230710753, 81343484.8583571]
1
begin
[519, 3012.7318230710753, 81343484.8583571]
2
begin
[486, 47998.04598469438, 38083874.08988465]
3
begin
[486, 47995.17488638004, 38073097.70987261]
4
begin
[486, 47993.17697188083, 38075809.444780916]
5
begin
[486, 48011.9091253075, 37993454.901172414]
6
begin
[486, 47986.81785145546, 38223482.8328808]
7
begin
[486, 47961.921034540996, 38062227.47341229]
8
begin
[486, 47980.467939536284, 38155068.19127874]
9
begin
[486, 47993.86684911156, 38065233.77220755]
10
begin
[486, 48371.64105197155, 39443798.437807165]
11
begin
[486, 47997.351434467935, 38004408.36316914]
12
begin
[191, 3423.7755728414254, 47705413.77781823]
13
begin
[348, 9484.766076401233, 39331238.55916465]
14
begin
[288, 2648.522634202136, 97177877.95341215]
15
begin
[553, 3069.01102318814, 34701079.31454463]
16
begin
[553, 3070.3719839551477, 34667200.77845156]
17
begin
[414, 2537.2457567746033, 56309831.65180649]
18
begin
[414, 2686.1055972217, 33631588.634093076]
19
begin
[414, 3756.8221217751943, 32445029.783343773]
20
begin
[414, 2684.387598130588, 33640656.24677472]
21
begin
[414, 2916.722248516265, 32847335.84928426]
22
begin
[170, 2326.9999568565527, 40894272.4934737]
23
begin
[170, 2389.0335903917385, 40134629.55427496]
24
begin
[223, 2457.049142178883, 41559538.25207164]
25
begin
[223, 2219.854704567961, 66252670.35296196]
26
begin
[149, 2697.9163405892614, 55047394.664206]
27
begin
[414, 3248.567805258241, 33066631.074810904]
28
begin
[414, 2421.1923332270467, 34069395.319942445]
29
begin
[414, 2625.5951558606466, 33450766.209255494]
30
begin
[414, 2695.7083154932393, 32881947.82109656]
31
begin
[414, 2684.6340794047137, 33624127.1692583]
32
begin
[414, 2489.729707137532, 33998600.98803366]
33
begin
[414, 2422.77862035118, 33923299.476161204]
34
begin
[235, 2382.938842519862, 38708681.74942862]
35
begin
[130, 2456.5886922082423, 42134807.673081174]
36
begin
[130, 2652.4179103149227, 41824851.4697925]
37
begin
[130, 3893.5221541198935, 35871957.38613098]
38
begin
[130, 3081.393910253365, 38034586.6631259]
39
begin
[46, 3085.850389244263, 60032174.3319688]
40
begin
[46, 2368.1080812211053, 63433728.73739456]
41
begin
[46, 2862.057316811603, 59963594.71910475]
42
begin
[46, 2500.4085017416924, 67033798.620856754]
43
begin
[46, 2245.116955946752, 90022945.9069877]
44
begin
[50, 2858.276292853917, 59366713.83411415]
45
begin
[46, 3846.9312922545355, 52081467.55950133]
46
begin
[46, 2205.2097079451855, 67986553.5439761]
47
begin
[46, 2395.038401765948, 71841284.84946534]
48
begin
[130, 3007.360738385308, 35837039.85205594]
49
begin
[130, 3471.3562771640773, 38320227.61044742]
50
begin
[174, 3011.40983502418, 27379261.3499057]
51
begin
[174, 2418.631228908869, 32899175.826762]
52
begin
[174, 2611.89542844778, 36671053.80025309]
53
begin
[174, 3849.932389868894, 29543551.27907129]
54
begin
[174, 2154.0535173511557, 66672797.02409771]
55
begin
[174, 2469.861387073843, 36685394.824945346]
56
begin
[46, 3891.9487011112, 55827923.91909398]
57
begin
[46, 2490.321461968129, 66895270.294982575]
58
begin
[46, 2502.737673413497, 68392551.51045403]
59
begin
[46, 2857.602337491518, 57996853.01386177]
60
begin
[275, 2660.024990655172, 39104822.906652495]
61
begin
[19, 10805.608358530826, 1181101551.5366504]
62
begin
[19, 11736.115343223122, 1228925047.6387255]
63
begin
[19, 9337.501875144439, 704983948.9301746]
64
begin
[86, 2564.094650625984, 50110961.866544805]
65
begin
[19, 12865.49365089585, 1190113306.9420912]
66
begin
[130, 2458.3211458720975, 40213616.54859197]
67
begin
[130, 2570.495570061907, 40281646.88260438]
68
begin
[130, 3080.381315737622, 39144059.5191548]
69
begin
[109, 2977.6966141396665, 41512021.86003818]
70
begin
[46, 2559.2506625026963, 60606096.385923445]
71
begin
[174, 3635.653594624557, 32890546.113821924]
72
begin
[174, 3872.0244620692224, 26111674.79110541]
73
begin
[174, 2632.2250273512946, 30542193.940247484]
74
begin
[23, 2626.130983430669, 95474639.71131675]
75
begin
[23, 2384.0835203491215, 100119363.27712324]
76
begin
[48, 3342.5879911178117, 40045569.49086093]
77
begin
[48, 2010.6306733259112, 142151723.57955804]
78
begin
[48, 2369.6796530588463, 42229395.651029825]
79
begin
[50, 2246.418409706572, 64620750.70135922]
80
begin
[50, 2435.5337991691163, 52892080.54615774]
81
begin
[50, 2432.432392780239, 55504770.90393446]
82
begin
[50, 2182.523606580248, 56274707.10974454]
83
begin
[50, 4049.4417715931945, 34984154.7598228]
84
begin
[48, 3876.032320087798, 41271378.251738824]
85
begin
[50, 2731.906418520088, 46944739.335919544]
86
begin
[48, 2408.4170380568366, 41782286.926794514]
87
begin
[50, 2690.6778159585374, 37362927.26020491]
88
begin
[50, 2265.7122741288354, 59060155.17003344]
89
begin
[48, 2740.441759261778, 39752247.72430082]
90
begin
[50, 3152.375246337195, 43227407.432003856]
91
begin
[50, 2400.5781054332383, 54041021.948875375]
92
begin
[50, 2758.2064255962696, 38231022.23365973]
93
begin
[50, 2752.7885948382004, 41095619.55676446]
94
begin
[48, 2588.037060670494, 43146026.86246969]
95
begin
[48, 3632.6871811441165, 37284706.57354839]
96
begin
[275, 2508.378634788096, 36316852.64756209]
97
begin
[275, 2359.16133478393, 46114490.76582918]
98
begin
[130, 2791.953748610819, 36326474.776757814]
99
begin
[44, 3897.814454327658, 37829317.283010356]
100
begin
[130, 2262.517584775157, 48891768.30671893]
101
begin
[130, 2778.8119468827113, 40123245.56177511]
102
begin
[88, 2505.9013171321835, 41163011.54889342]
103
begin
[48, 3705.8907211466912, 35851819.40515366]
104
begin
[48, 2823.704480905905, 42976920.6614085]
105
begin
[42, 2633.9167947536207, 53673890.91943621]
106
begin
[42, 2030.7853702816008, 114122710.92907451]
107
begin
[42, 2583.357808404535, 52768610.22805979]
108
begin
[42, 2679.4713228616974, 57455692.62312309]
109
begin
[42, 2192.520125314343, 64654442.52992778]
110
begin
[42, 2220.468087589495, 70955384.64668263]
111
begin
[44, 2793.899438694963, 47740721.70367576]
112
begin
[44, 3875.446538481782, 39528180.91250478]
113
begin
[44, 3824.1548588212772, 40982190.02519107]
114
begin
[23, 2358.587799721927, 124157300.891182]
115
begin
[42, 2772.4552067181567, 54365248.153834626]
116
begin
[23, 2382.9574822188893, 181197750.80652234]
117
begin
[44, 3404.8603936114296, 41483320.376096055]
118
begin
[44, 2370.384207507999, 38774653.79723383]
119
begin
[44, 3440.317588786112, 39428358.19052827]
120
begin
[44, 2187.826530787629, 64461266.94982571]
121
begin
[44, 2509.0927610775584, 46790595.661965735]
122
begin
[44, 3621.4241835275056, 42935038.70274749]
123
begin
[44, 2946.787735638366, 37884314.08762405]
124
begin
[44, 2795.5651492274483, 45307669.55213161]
125
begin
[44, 3415.7129075317503, 37682370.46367565]
126
begin
[44, 2205.680179605366, 59337310.96705028]
127
begin
[23, 3529.1696800251266, 71086589.4827456]
128
begin
[23, 2852.888548669855, 61670930.760777846]
129
begin
[23, 2646.9847695500184, 60792020.36456216]
130
begin
[23, 3552.1712415259, 58715166.98949557]
131
begin
[23, 3754.6739691150015, 54892600.8462031]
132
begin
[23, 3436.525039331306, 57607103.57629361]
133
begin
[23, 2663.847520996094, 63264075.944192514]
134
begin
[23, 2617.3239760240303, 86881439.14394262]
135
begin
[42, 2848.0505824295565, 56855227.327497296]
136
begin
[44, 2830.966715044083, 40338500.936816975]
137
begin
[44, 3836.698907249007, 33046544.115348637]
138
begin
[44, 4104.9978245532575, 33922212.20045075]
139
begin
[44, 3068.0357263066476, 40806902.331572756]
140
begin
[44, 2369.558885875028, 45133111.36674894]
141
begin
[44, 3024.273042466367, 42034312.83179169]
142
begin
[44, 2630.345588075709, 39260587.46104713]
143
begin
[44, 2224.56419592038, 66774406.70030699]
144
begin
[44, 3099.3230849139613, 42529885.501396656]
145
begin
[44, 2296.97815569176, 53856080.97320599]
146
begin
[44, 3024.2984943966007, 42078780.15447661]
147
begin
[44, 3670.4528358928737, 35827007.271836914]
148
begin
[44, 3913.354875790505, 38361300.826409146]
149
begin
[571, 2569.425012052152, 31013143.314864885]
150
begin
[571, 2306.978257550293, 50980369.50511641]
151
begin
[571, 2217.394983197893, 62854062.10720316]
152
begin
[571, 2983.977643695419, 26321943.136205606]
153
begin
[21, 3927.220453390355, 55382643.79965658]
154
begin
[4, 12194.282697439716, 1120118385.730416]
155
begin
[4, 13486.567672895577, 1239299605.8133998]
156
begin
[3, 8868.594438059776, 640663412.7230549]
157
begin
[3, 8833.497475542372, 643837335.0169023]
158
begin
[42, 2820.654305719023, 53050472.49255078]
159
begin
[21, 2344.660268530656, 80772554.33977622]
160
begin
[21, 3196.7402973686726, 60284116.63491902]
161
begin
[399, 2367.728223868776, 33604526.32571221]
162
begin
[399, 2114.3370084801804, 110541300.6968194]
163
begin
[399, 2538.897686838168, 30879697.901597288]
164
begin
[399, 2746.5579194653938, 31103238.324253354]
165
begin
[46, 2343.4471278655, 47304405.87336028]
166
begin
[46, 2848.9686802222814, 39480223.24979687]
167
begin
[403, 2065.7594129176746, 98797417.9865187]
168
begin
[403, 2257.908391967015, 55537604.665953286]
169
begin
[23, 2479.818101773641, 59750107.5267043]
170
begin
[23, 2209.7151069949473, 91412521.88734645]
171
begin
[23, 2472.6530777116545, 78170871.3133037]
172
begin
[23, 2655.424974725743, 83856545.70466147]
173
begin
